sites langs types titles 
3 2 1 四書章句集註/大學章句序
3 2 1 四書章句集註/大學章句
3 2 1 四書章句集註/中庸章句序
3 2 1 四書章句集註/中庸章句
3 2 1 四書章句集註/論語序說
3 2 1 四書章句集註/讀論語孟子法
3 2 1 四書章句集註/論語集注卷一
3 2 1 四書章句集註/論語集注卷二
3 2 1 四書章句集註/論語集注卷三
3 2 1 四書章句集註/論語集注卷四
3 2 1 四書章句集註/論語集注卷五
3 2 1 四書章句集註/論語集注卷六
3 2 1 四書章句集註/論語集注卷七
3 2 1 四書章句集註/論語集注卷八
3 2 1 四書章句集註/論語集注卷九
3 2 1 四書章句集註/論語集注卷十
3 2 1 四書章句集註/孟子序說
3 2 1 四書章句集註/孟子集注卷一
3 2 1 四書章句集註/孟子集注卷二
3 2 1 四書章句集註/孟子集注卷三
3 2 1 四書章句集註/孟子集注卷四
3 2 1 四書章句集註/孟子集注卷五
3 2 1 四書章句集註/孟子集注卷六
3 2 1 四書章句集註/孟子集注卷七
3 2 1 四書章句集註/孟子集注卷八
3 2 1 四書章句集註/孟子集注卷九
3 2 1 四書章句集註/孟子集注卷十
3 2 1 四書章句集註/孟子集注卷十一
3 2 1 四書章句集註/孟子集注卷十二
3 2 1 四書章句集註/孟子集注卷十三
3 2 1 四書章句集註/孟子集注卷十四
3 2 1 四書章句集註/四書章句附考序
3 2 1 四書章句集註/四書章句集註定本辨
